0	2	2	2
0.01	2.00111	2.00111	2.00111
0.02	2.00223	2.00223	2.00223
0.03	2.00334	2.00334	2.00334
0.04	2.00446	2.00446	2.00446
0.05	2.00559	2.00559	2.00559
0.06	2.00671	2.00671	2.00671
0.07	2.00784	2.00784	2.00784
0.08	2.00897	2.00897	2.00897
0.09	2.0101	2.0101	2.0101
0.1	2.01123	2.01123	2.01123
0.11	2.01236	2.01236	2.01236
0.12	2.0135	2.0135	2.0135
0.13	2.01464	2.01464	2.01464
0.14	2.01578	2.01578	2.01578
0.15	2.01693	2.01693	2.01693
0.16	2.01807	2.01807	2.01807
0.17	2.01922	2.01922	2.01922
0.18	2.02037	2.02037	2.02037
0.19	2.02152	2.02152	2.02152
0.2	2.02267	2.02267	2.02267
0.21	2.02383	2.02383	2.02383
0.22	2.02499	2.02499	2.02499
0.23	2.02615	2.02615	2.02615
0.24	2.02731	2.02731	2.02731
0.25	2.02847	2.02847	2.02847
0.26	2.02964	2.02963	2.02963
0.27	2.0308	2.0308	2.0308
0.28	2.03197	2.03197	2.03197
0.29	2.03314	2.03314	2.03314
0.3	2.03431	2.03431	2.03431
0.31	2.03548	2.03548	2.03548
0.32	2.03666	2.03666	2.03666
0.33	2.03784	2.03783	2.03783
0.34	2.03901	2.03901	2.03901
0.35	2.04019	2.04019	2.04019
0.36	2.04138	2.04137	2.04137
0.37	2.04256	2.04255	2.04255
0.38	2.04374	2.04374	2.04374
0.39	2.04493	2.04492	2.04492
0.4	2.04612	2.04611	2.04611
0.41	2.04731	2.0473	2.0473
0.42	2.0485	2.04849	2.04849
0.43	2.04969	2.04968	2.04968
0.44	2.05089	2.05087	2.05087
0.45	2.05208	2.05206	2.05207
0.46	2.05328	2.05326	2.05326
0.47	2.05448	2.05446	2.05446
0.48	2.05568	2.05565	2.05566
0.49	2.05688	2.05685	2.05686
0.5	2.05808	2.05805	2.05806
0.51	2.05929	2.05926	2.05926
0.52	2.06049	2.06046	2.06046
0.53	2.0617	2.06166	2.06167
0.54	2.06291	2.06287	2.06287
0.55	2.06412	2.06408	2.06408
0.56	2.06533	2.06528	2.06529
0.57	2.06654	2.06649	2.0665
0.58	2.06776	2.0677	2.06771
0.59	2.06897	2.06891	2.06892
0.6	2.07019	2.07013	2.07013
0.61	2.07141	2.07134	2.07135
0.62	2.07263	2.07255	2.07256
0.63	2.07385	2.07377	2.07378
0.64	2.07507	2.07499	2.075
0.65	2.0763	2.07621	2.07622
0.66	2.07752	2.07742	2.07744
0.67	2.07875	2.07864	2.07866
0.68	2.07998	2.07986	2.07988
0.69	2.08121	2.08109	2.0811
0.7	2.08244	2.08231	2.08232
0.71	2.08367	2.08353	2.08355
0.72	2.08491	2.08476	2.08477
0.73	2.08614	2.08598	2.086
0.74	2.08738	2.08721	2.08723
0.75	2.08862	2.08844	2.08846
0.76	2.08986	2.08967	2.08969
0.77	2.0911	2.0909	2.09092
0.78	2.09234	2.09213	2.09215
0.79	2.09359	2.09336	2.09338
0.8	2.09483	2.09459	2.09461
0.81	2.09608	2.09582	2.09585
0.82	2.09733	2.09705	2.09708
0.83	2.09858	2.09829	2.09832
0.84	2.09983	2.09952	2.09956
0.85	2.10108	2.10076	2.10079
0.86	2.10234	2.102	2.10203
0.87	2.1036	2.10323	2.10327
0.88	2.10485	2.10447	2.10451
0.89	2.10611	2.10571	2.10575
0.9	2.10738	2.10695	2.10699
0.91	2.10864	2.10819	2.10823
0.92	2.1099	2.10943	2.10948
0.93	2.11117	2.11067	2.11072
0.94	2.11244	2.11192	2.11197
0.95	2.11371	2.11316	2.11321
0.96	2.11498	2.1144	2.11446
0.97	2.11625	2.11565	2.1157
0.98	2.11752	2.11689	2.11695
0.99	2.1188	2.11814	2.1182
1	2.12008	2.11939	2.11945
1.01	2.12136	2.12063	2.1207
1.02	2.12264	2.12188	2.12195
1.03	2.12392	2.12313	2.1232
1.04	2.12521	2.12438	2.12445
1.05	2.1265	2.12563	2.1257
1.06	2.12778	2.12688	2.12696
1.07	2.12908	2.12813	2.12821
1.08	2.13037	2.12938	2.12946
1.09	2.13166	2.13063	2.13072
1.1	2.13296	2.13188	2.13197
1.11	2.13426	2.13313	2.13323
1.12	2.13556	2.13439	2.13449
1.13	2.13686	2.13564	2.13574
1.14	2.13817	2.13689	2.137
1.15	2.13947	2.13815	2.13826
1.16	2.14078	2.1394	2.13952
1.17	2.14209	2.14066	2.14078
1.18	2.14341	2.14191	2.14204
1.19	2.14472	2.14317	2.1433
1.2	2.14604	2.14443	2.14456
1.21	2.14736	2.14568	2.14582
1.22	2.14868	2.14694	2.14708
1.23	2.15001	2.1482	2.14834
1.24	2.15134	2.14946	2.14961
1.25	2.15267	2.15072	2.15087
1.26	2.154	2.15198	2.15214
1.27	2.15533	2.15324	2.1534
1.28	2.15667	2.1545	2.15466
1.29	2.15801	2.15576	2.15593
1.3	2.15935	2.15702	2.1572
1.31	2.1607	2.15828	2.15846
1.32	2.16204	2.15954	2.15973
1.33	2.16339	2.1608	2.161
1.34	2.16475	2.16206	2.16226
1.35	2.1661	2.16333	2.16353
1.36	2.16746	2.16459	2.1648
1.37	2.16882	2.16585	2.16607
1.38	2.17019	2.16712	2.16734
1.39	2.17155	2.16838	2.16861
1.4	2.17292	2.16964	2.16988
1.41	2.17429	2.17091	2.17115
1.42	2.17567	2.17217	2.17242
1.43	2.17705	2.17344	2.17369
1.44	2.17843	2.1747	2.17497
1.45	2.17982	2.17597	2.17624
1.46	2.18121	2.17723	2.17751
1.47	2.1826	2.1785	2.17878
1.48	2.18399	2.17976	2.18006
1.49	2.18539	2.18103	2.18133
1.5	2.18679	2.1823	2.1826
1.51	2.1882	2.18356	2.18388
1.52	2.18961	2.18483	2.18515
1.53	2.19102	2.1861	2.18643
1.54	2.19243	2.18737	2.1877
1.55	2.19385	2.18863	2.18898
1.56	2.19528	2.1899	2.19026
1.57	2.1967	2.19117	2.19153
1.58	2.19813	2.19244	2.19281
1.59	2.19957	2.1937	2.19409
1.6	2.20101	2.19497	2.19536
1.61	2.20245	2.19624	2.19664
1.62	2.2039	2.19751	2.19792
1.63	2.20535	2.19878	2.1992
1.64	2.2068	2.20005	2.20048
1.65	2.20826	2.20132	2.20175
1.66	2.20972	2.20259	2.20303
1.67	2.21119	2.20386	2.20431
1.68	2.21266	2.20513	2.20559
1.69	2.21413	2.2064	2.20687
1.7	2.21561	2.20767	2.20815
1.71	2.2171	2.20894	2.20943
1.72	2.21859	2.21021	2.21071
1.73	2.22008	2.21148	2.21199
1.74	2.22158	2.21275	2.21328
1.75	2.22308	2.21402	2.21456
1.76	2.22459	2.21529	2.21584
1.77	2.2261	2.21656	2.21712
1.78	2.22762	2.21783	2.2184
1.79	2.22914	2.2191	2.21968
1.8	2.23067	2.22037	2.22097
1.81	2.2322	2.22164	2.22225
1.82	2.23374	2.22291	2.22353
1.83	2.23528	2.22418	2.22482
1.84	2.23683	2.22545	2.2261
1.85	2.23838	2.22672	2.22738
1.86	2.23994	2.22799	2.22867
1.87	2.2415	2.22926	2.22995
1.88	2.24307	2.23053	2.23123
1.89	2.24465	2.23181	2.23252
1.9	2.24623	2.23308	2.2338
1.91	2.24781	2.23435	2.23509
1.92	2.24941	2.23562	2.23637
1.93	2.251	2.23689	2.23766
1.94	2.25261	2.23816	2.23894
1.95	2.25422	2.23943	2.24023
1.96	2.25583	2.2407	2.24151
1.97	2.25745	2.24197	2.2428
1.98	2.25908	2.24324	2.24408
1.99	2.26072	2.24452	2.24537
2	2.26236	2.24579	2.24666
2.01	2.26401	2.24706	2.24794
2.02	2.26566	2.24833	2.24923
2.03	2.26732	2.2496	2.25052
2.04	2.26899	2.25087	2.2518
2.05	2.27066	2.25214	2.25309
2.06	2.27234	2.25341	2.25438
2.07	2.27403	2.25468	2.25566
2.08	2.27572	2.25595	2.25695
2.09	2.27742	2.25722	2.25824
2.1	2.27913	2.25849	2.25953
2.11	2.28085	2.25976	2.26081
2.12	2.28257	2.26103	2.2621
2.13	2.2843	2.2623	2.26339
2.14	2.28604	2.26357	2.26468
2.15	2.28778	2.26485	2.26596
2.16	2.28954	2.26612	2.26725
2.17	2.2913	2.26739	2.26854
2.18	2.29306	2.26866	2.26983
2.19	2.29484	2.26992	2.27112
2.2	2.29662	2.27119	2.27241
2.21	2.29842	2.27246	2.27369
2.22	2.30022	2.27373	2.27498
2.23	2.30202	2.275	2.27627
2.24	2.30384	2.27627	2.27756
2.25	2.30566	2.27754	2.27885
2.26	2.3075	2.27881	2.28014
2.27	2.30934	2.28008	2.28143
2.28	2.31119	2.28135	2.28272
2.29	2.31305	2.28262	2.28401
2.3	2.31491	2.28389	2.28529
2.31	2.31679	2.28515	2.28658
2.32	2.31868	2.28642	2.28787
2.33	2.32057	2.28769	2.28916
2.34	2.32247	2.28896	2.29045
2.35	2.32439	2.29023	2.29174
2.36	2.32631	2.29149	2.29303
2.37	2.32824	2.29276	2.29432
2.38	2.33018	2.29403	2.29561
2.39	2.33213	2.2953	2.2969
2.4	2.33409	2.29656	2.29819
2.41	2.33606	2.29783	2.29948
2.42	2.33804	2.2991	2.30077
2.43	2.34003	2.30037	2.30206
2.44	2.34203	2.30163	2.30335
2.45	2.34404	2.3029	2.30464
2.46	2.34606	2.30416	2.30593
2.47	2.34809	2.30543	2.30722
2.48	2.35013	2.3067	2.30851
2.49	2.35218	2.30796	2.3098
2.5	2.35424	2.30923	2.31109
2.51	2.35632	2.31049	2.31238
2.52	2.3584	2.31176	2.31367
2.53	2.36049	2.31302	2.31496
2.54	2.3626	2.31429	2.31625
2.55	2.36472	2.31555	2.31754
2.56	2.36684	2.31682	2.31883
2.57	2.36898	2.31808	2.32012
2.58	2.37113	2.31935	2.32141
2.59	2.3733	2.32061	2.3227
2.6	2.37547	2.32187	2.32399
2.61	2.37766	2.32314	2.32528
2.62	2.37985	2.3244	2.32657
2.63	2.38206	2.32566	2.32786
2.64	2.38429	2.32692	2.32915
2.65	2.38652	2.32819	2.33044
2.66	2.38877	2.32945	2.33173
2.67	2.39102	2.33071	2.33302
2.68	2.39329	2.33197	2.33431
2.69	2.39558	2.33324	2.3356
2.7	2.39787	2.3345	2.33689
2.71	2.40018	2.33576	2.33818
2.72	2.40251	2.33702	2.33947
2.73	2.40484	2.33828	2.34076
2.74	2.40719	2.33954	2.34205
2.75	2.40955	2.3408	2.34334
2.76	2.41193	2.34206	2.34463
2.77	2.41432	2.34332	2.34592
2.78	2.41672	2.34458	2.34721
2.79	2.41913	2.34584	2.3485
2.8	2.42156	2.3471	2.34979
2.81	2.42401	2.34836	2.35108
2.82	2.42647	2.34962	2.35237
2.83	2.42894	2.35087	2.35366
2.84	2.43142	2.35213	2.35495
2.85	2.43392	2.35339	2.35624
2.86	2.43644	2.35465	2.35753
2.87	2.43897	2.35591	2.35882
2.88	2.44151	2.35716	2.36011
2.89	2.44407	2.35842	2.3614
2.9	2.44665	2.35968	2.36269
2.91	2.44924	2.36093	2.36398
2.92	2.45184	2.36219	2.36526
2.93	2.45447	2.36344	2.36655
2.94	2.4571	2.3647	2.36784
2.95	2.45975	2.36595	2.36913
2.96	2.46242	2.36721	2.37042
2.97	2.4651	2.36846	2.37171
2.98	2.4678	2.36972	2.373
2.99	2.47052	2.37097	2.37429
3	2.47325	2.37223	2.37558
3.01	2.476	2.37348	2.37687
3.02	2.47876	2.37473	2.37815
3.03	2.48155	2.37599	2.37944
3.04	2.48434	2.37724	2.38073
3.05	2.48716	2.37849	2.38202
3.06	2.48999	2.37974	2.38331
3.07	2.49284	2.381	2.3846
3.08	2.49571	2.38225	2.38588
3.09	2.49859	2.3835	2.38717
3.1	2.50149	2.38475	2.38846
3.11	2.50441	2.386	2.38975
3.12	2.50735	2.38725	2.39104
3.13	2.5103	2.3885	2.39232
3.14	2.51328	2.38975	2.39361
3.15	2.51627	2.391	2.3949
3.16	2.51928	2.39225	2.39619
3.17	2.52231	2.3935	2.39748
3.18	2.52535	2.39475	2.39876
3.19	2.52842	2.39599	2.40005
3.2	2.5315	2.39724	2.40134
3.21	2.53461	2.39849	2.40262
3.22	2.53773	2.39974	2.40391
3.23	2.54087	2.40098	2.4052
3.24	2.54403	2.40223	2.40649
3.25	2.54721	2.40348	2.40777
3.26	2.55041	2.40472	2.40906
3.27	2.55363	2.40597	2.41035
3.28	2.55687	2.40721	2.41163
3.29	2.56014	2.40846	2.41292
3.3	2.56342	2.4097	2.4142
3.31	2.56672	2.41095	2.41549
3.32	2.57004	2.41219	2.41678
3.33	2.57338	2.41344	2.41806
3.34	2.57675	2.41468	2.41935
3.35	2.58013	2.41592	2.42063
3.36	2.58354	2.41717	2.42192
3.37	2.58696	2.41841	2.42321
3.38	2.59041	2.41965	2.42449
3.39	2.59388	2.42089	2.42578
3.4	2.59737	2.42213	2.42706
3.41	2.60089	2.42338	2.42835
3.42	2.60442	2.42462	2.42963
3.43	2.60798	2.42586	2.43092
3.44	2.61156	2.4271	2.4322
3.45	2.61516	2.42834	2.43349
3.46	2.61879	2.42958	2.43477
3.47	2.62244	2.43082	2.43606
3.48	2.62611	2.43206	2.43734
3.49	2.6298	2.43329	2.43862
3.5	2.63352	2.43453	2.43991
3.51	2.63726	2.43577	2.44119
3.52	2.64102	2.43701	2.44248
3.53	2.64481	2.43824	2.44376
3.54	2.64862	2.43948	2.44504
3.55	2.65246	2.44072	2.44633
3.56	2.65632	2.44195	2.44761
3.57	2.6602	2.44319	2.44889
3.58	2.66411	2.44442	2.45018
3.59	2.66804	2.44566	2.45146
3.6	2.672	2.44689	2.45274
3.61	2.67598	2.44813	2.45403
3.62	2.67999	2.44936	2.45531
3.63	2.68402	2.4506	2.45659
3.64	2.68808	2.45183	2.45787
3.65	2.69217	2.45306	2.45915
3.66	2.69628	2.4543	2.46044
3.67	2.70041	2.45553	2.46172
3.68	2.70457	2.45676	2.463
3.69	2.70876	2.45799	2.46428
3.7	2.71298	2.45922	2.46556
3.71	2.71722	2.46045	2.46684
3.72	2.72149	2.46168	2.46813
3.73	2.72578	2.46291	2.46941
3.74	2.7301	2.46414	2.47069
3.75	2.73445	2.46537	2.47197
3.76	2.73883	2.4666	2.47325
3.77	2.74323	2.46783	2.47453
3.78	2.74766	2.46906	2.47581
3.79	2.75212	2.47029	2.47709
3.8	2.75661	2.47151	2.47837
3.81	2.76113	2.47274	2.47965
3.82	2.76567	2.47397	2.48093
3.83	2.77024	2.47519	2.48221
3.84	2.77484	2.47642	2.48349
3.85	2.77947	2.47765	2.48477
3.86	2.78413	2.47887	2.48605
3.87	2.78882	2.4801	2.48733
3.88	2.79354	2.48132	2.48861
3.89	2.79829	2.48255	2.48988
3.9	2.80306	2.48377	2.49116
3.91	2.80787	2.48499	2.49244
3.92	2.81271	2.48622	2.49372
3.93	2.81758	2.48744	2.495
3.94	2.82247	2.48866	2.49628
3.95	2.8274	2.48988	2.49755
3.96	2.83236	2.4911	2.49883
3.97	2.83735	2.49233	2.50011
3.98	2.84237	2.49355	2.50139
3.99	2.84743	2.49477	2.50266
4	2.85251	2.49599	2.50394
4.01	2.85763	2.49721	2.50522
4.02	2.86278	2.49843	2.50649
4.03	2.86796	2.49965	2.50777
4.04	2.87317	2.50086	2.50905
4.05	2.87841	2.50208	2.51032
4.06	2.88369	2.5033	2.5116
4.07	2.889	2.50452	2.51288
4.08	2.89434	2.50573	2.51415
4.09	2.89972	2.50695	2.51543
4.1	2.90513	2.50817	2.5167
4.11	2.91057	2.50938	2.51798
4.12	2.91605	2.5106	2.51925
4.13	2.92156	2.51181	2.52053
4.14	2.92711	2.51303	2.5218
4.15	2.93269	2.51424	2.52308
4.16	2.9383	2.51546	2.52435
4.17	2.94395	2.51667	2.52563
4.18	2.94963	2.51788	2.5269
4.19	2.95535	2.5191	2.52817
4.2	2.9611	2.52031	2.52945
4.21	2.96689	2.52152	2.53072
4.22	2.97272	2.52273	2.53199
4.23	2.97858	2.52394	2.53327
4.24	2.98447	2.52515	2.53454
4.25	2.9904	2.52636	2.53581
4.26	2.99637	2.52757	2.53709
4.27	3.00238	2.52878	2.53836
4.28	3.00842	2.52999	2.53963
4.29	3.0145	2.5312	2.5409
4.3	3.02062	2.53241	2.54218
4.31	3.02677	2.53362	2.54345
4.32	3.03296	2.53483	2.54472
4.33	3.03919	2.53603	2.54599
4.34	3.04546	2.53724	2.54726
4.35	3.05176	2.53845	2.54853
4.36	3.0581	2.53965	2.5498
4.37	3.06448	2.54086	2.55107
4.38	3.0709	2.54206	2.55234
4.39	3.07736	2.54327	2.55361
4.4	3.08386	2.54447	2.55489
4.41	3.0904	2.54568	2.55616
4.42	3.09698	2.54688	2.55742
4.43	3.10359	2.54809	2.55869
4.44	3.11025	2.54929	2.55996
4.45	3.11695	2.55049	2.56123
4.46	3.12369	2.55169	2.5625
4.47	3.13046	2.5529	2.56377
4.48	3.13728	2.5541	2.56504
4.49	3.14414	2.5553	2.56631
4.5	3.15104	2.5565	2.56758
4.51	3.15798	2.5577	2.56885
4.52	3.16497	2.5589	2.57011
4.53	3.17199	2.5601	2.57138
4.54	3.17906	2.5613	2.57265
4.55	3.18617	2.56249	2.57392
4.56	3.19332	2.56369	2.57518
4.57	3.20052	2.56489	2.57645
4.58	3.20775	2.56609	2.57772
4.59	3.21503	2.56729	2.57898
4.6	3.22236	2.56848	2.58025
4.61	3.22972	2.56968	2.58152
4.62	3.23713	2.57087	2.58278
4.63	3.24459	2.57207	2.58405
4.64	3.25209	2.57326	2.58531
4.65	3.25963	2.57446	2.58658
4.66	3.26722	2.57565	2.58784
4.67	3.27485	2.57685	2.58911
4.68	3.28253	2.57804	2.59038
4.69	3.29025	2.57923	2.59164
4.7	3.29802	2.58043	2.5929
4.71	3.30583	2.58162	2.59417
4.72	3.31369	2.58281	2.59543
4.73	3.3216	2.584	2.5967
4.74	3.32955	2.58519	2.59796
4.75	3.33754	2.58638	2.59922
4.76	3.34559	2.58757	2.60049
4.77	3.35368	2.58876	2.60175
4.78	3.36182	2.58995	2.60301
4.79	3.37001	2.59114	2.60428
4.8	3.37824	2.59233	2.60554
4.81	3.38652	2.59352	2.6068
4.82	3.39485	2.5947	2.60806
4.83	3.40323	2.59589	2.60933
4.84	3.41165	2.59708	2.61059
4.85	3.42013	2.59826	2.61185
4.86	3.42865	2.59945	2.61311
4.87	3.43722	2.60064	2.61437
4.88	3.44585	2.60182	2.61563
4.89	3.45452	2.60301	2.61689
4.9	3.46324	2.60419	2.61815
4.91	3.47201	2.60537	2.61941
4.92	3.48083	2.60656	2.62067
4.93	3.4897	2.60774	2.62193
4.94	3.49863	2.60892	2.62319
4.95	3.5076	2.61011	2.62445
4.96	3.51663	2.61129	2.62571
4.97	3.5257	2.61247	2.62697
4.98	3.53483	2.61365	2.62823
4.99	3.54401	2.61483	2.62949
5	3.55324	2.61601	2.63075
5.01	3.56253	2.61719	2.63201
5.02	3.57187	2.61837	2.63326
5.03	3.58126	2.61955	2.63452
5.04	3.5907	2.62073	2.63578
5.05	3.60019	2.62191	2.63704
5.06	3.60974	2.62309	2.6383
5.07	3.61935	2.62426	2.63955
5.08	3.62901	2.62544	2.64081
5.09	3.63872	2.62662	2.64207
5.1	3.64848	2.62779	2.64332
5.11	3.65831	2.62897	2.64458
5.12	3.66818	2.63014	2.64583
5.13	3.67811	2.63132	2.64709
5.14	3.6881	2.63249	2.64835
5.15	3.69814	2.63367	2.6496
5.16	3.70824	2.63484	2.65086
5.17	3.71839	2.63601	2.65211
5.18	3.7286	2.63719	2.65337
5.19	3.73887	2.63836	2.65462
5.2	3.7492	2.63953	2.65588
5.21	3.75958	2.6407	2.65713
5.22	3.77001	2.64188	2.65838
5.23	3.78051	2.64305	2.65964
5.24	3.79107	2.64422	2.66089
5.25	3.80168	2.64539	2.66214
5.26	3.81235	2.64656	2.6634
5.27	3.82308	2.64773	2.66465
5.28	3.83386	2.64889	2.6659
5.29	3.84471	2.65006	2.66715
5.3	3.85562	2.65123	2.66841
5.31	3.86658	2.6524	2.66966
5.32	3.87761	2.65357	2.67091
5.33	3.8887	2.65473	2.67216
5.34	3.89984	2.6559	2.67341
5.35	3.91105	2.65706	2.67467
5.36	3.92232	2.65823	2.67592
5.37	3.93364	2.6594	2.67717
5.38	3.94503	2.66056	2.67842
5.39	3.95649	2.66172	2.67967
5.4	3.968	2.66289	2.68092
5.41	3.97958	2.66405	2.68217
5.42	3.99121	2.66521	2.68342
5.43	4.00291	2.66638	2.68467
5.44	4.01468	2.66754	2.68592
5.45	4.0265	2.6687	2.68716
5.46	4.03839	2.66986	2.68841
5.47	4.05035	2.67102	2.68966
5.48	4.06236	2.67218	2.69091
5.49	4.07445	2.67334	2.69216
5.5	4.08659	2.6745	2.69341
5.51	4.0988	2.67566	2.69465
5.52	4.11108	2.67682	2.6959
5.53	4.12342	2.67798	2.69715
5.54	4.13583	2.67914	2.6984
5.55	4.1483	2.6803	2.69964
5.56	4.16083	2.68145	2.70089
5.57	4.17344	2.68261	2.70214
5.58	4.18611	2.68377	2.70338
5.59	4.19885	2.68492	2.70463
5.6	4.21165	2.68608	2.70587
5.61	4.22452	2.68724	2.70712
5.62	4.23746	2.68839	2.70836
5.63	4.25047	2.68954	2.70961
5.64	4.26354	2.6907	2.71085
5.65	4.27669	2.69185	2.7121
5.66	4.2899	2.69301	2.71334
5.67	4.30318	2.69416	2.71459
5.68	4.31653	2.69531	2.71583
5.69	4.32995	2.69646	2.71707
5.7	4.34344	2.69761	2.71832
5.71	4.357	2.69877	2.71956
5.72	4.37063	2.69992	2.7208
5.73	4.38433	2.70107	2.72205
5.74	4.3981	2.70222	2.72329
5.75	4.41194	2.70337	2.72453
5.76	4.42586	2.70451	2.72577
5.77	4.43984	2.70566	2.72702
5.78	4.4539	2.70681	2.72826
5.79	4.46803	2.70796	2.7295
5.8	4.48223	2.70911	2.73074
5.81	4.4965	2.71025	2.73198
5.82	4.51085	2.7114	2.73322
5.83	4.52527	2.71255	2.73446
5.84	4.53976	2.71369	2.7357
5.85	4.55433	2.71484	2.73694
5.86	4.56897	2.71598	2.73818
5.87	4.58369	2.71713	2.73942
5.88	4.59848	2.71827	2.74066
5.89	4.61334	2.71942	2.7419
5.9	4.62829	2.72056	2.74314
5.91	4.6433	2.7217	2.74438
5.92	4.65839	2.72285	2.74562
5.93	4.67356	2.72399	2.74686
5.94	4.68881	2.72513	2.74809
5.95	4.70413	2.72627	2.74933
5.96	4.71953	2.72741	2.75057
5.97	4.735	2.72855	2.75181
5.98	4.75055	2.72969	2.75304
5.99	4.76618	2.73083	2.75428
6	4.78189	2.73197	2.75552
6.01	4.79768	2.73311	2.75675
6.02	4.81355	2.73425	2.75799
6.03	4.82949	2.73539	2.75923
6.04	4.84551	2.73652	2.76046
6.05	4.86162	2.73766	2.7617
6.06	4.8778	2.7388	2.76293
6.07	4.89406	2.73993	2.76417
6.08	4.9104	2.74107	2.7654
6.09	4.92683	2.74221	2.76664
6.1	4.94333	2.74334	2.76787
6.11	4.95992	2.74448	2.76911
6.12	4.97659	2.74561	2.77034
6.13	4.99334	2.74675	2.77157
6.14	5.01017	2.74788	2.77281
6.15	5.02708	2.74901	2.77404
6.16	5.04408	2.75014	2.77527
6.17	5.06116	2.75128	2.77651
6.18	5.07832	2.75241	2.77774
6.19	5.09557	2.75354	2.77897
6.2	5.1129	2.75467	2.7802
6.21	5.13031	2.7558	2.78144
6.22	5.14781	2.75693	2.78267
6.23	5.16539	2.75806	2.7839
6.24	5.18306	2.75919	2.78513
6.25	5.20081	2.76032	2.78636
6.26	5.21865	2.76145	2.78759
6.27	5.23658	2.76258	2.78882
6.28	5.25459	2.76371	2.79005
6.29	5.27269	2.76483	2.79128
6.3	5.29087	2.76596	2.79251
6.31	5.30915	2.76709	2.79374
6.32	5.32751	2.76821	2.79497
6.33	5.34595	2.76934	2.7962
6.34	5.36449	2.77047	2.79743
6.35	5.38311	2.77159	2.79866
6.36	5.40183	2.77272	2.79989
6.37	5.42063	2.77384	2.80112
6.38	5.43952	2.77496	2.80234
6.39	5.4585	2.77609	2.80357
6.4	5.47757	2.77721	2.8048
6.41	5.49673	2.77833	2.80603
6.42	5.51598	2.77946	2.80725
6.43	5.53532	2.78058	2.80848
6.44	5.55476	2.7817	2.80971
6.45	5.57428	2.78282	2.81093
6.46	5.5939	2.78394	2.81216
6.47	5.61361	2.78506	2.81338
6.48	5.63341	2.78618	2.81461
6.49	5.6533	2.7873	2.81584
6.5	5.67329	2.78842	2.81706
6.51	5.69337	2.78954	2.81829
6.52	5.71354	2.79066	2.81951
6.53	5.73381	2.79177	2.82073
6.54	5.75417	2.79289	2.82196
6.55	5.77463	2.79401	2.82318
6.56	5.79518	2.79513	2.82441
6.57	5.81582	2.79624	2.82563
6.58	5.83657	2.79736	2.82685
6.59	5.8574	2.79847	2.82808
6.6	5.87834	2.79959	2.8293
6.61	5.89937	2.8007	2.83052
6.62	5.92049	2.80182	2.83174
6.63	5.94172	2.80293	2.83297
6.64	5.96304	2.80404	2.83419
6.65	5.98446	2.80516	2.83541
6.66	6.00598	2.80627	2.83663
6.67	6.02759	2.80738	2.83785
6.68	6.04931	2.80849	2.83907
6.69	6.07112	2.80961	2.84029
6.7	6.09303	2.81072	2.84151
6.71	6.11505	2.81183	2.84273
6.72	6.13716	2.81294	2.84395
6.73	6.15937	2.81405	2.84517
6.74	6.18169	2.81516	2.84639
6.75	6.2041	2.81627	2.84761
6.76	6.22662	2.81738	2.84883
6.77	6.24924	2.81848	2.85005
6.78	6.27195	2.81959	2.85127
6.79	6.29478	2.8207	2.85249
6.8	6.3177	2.82181	2.8537
6.81	6.34073	2.82291	2.85492
6.82	6.36386	2.82402	2.85614
6.83	6.38709	2.82513	2.85736
6.84	6.41043	2.82623	2.85857
6.85	6.43387	2.82734	2.85979
6.86	6.45742	2.82844	2.86101
6.87	6.48107	2.82955	2.86222
6.88	6.50483	2.83065	2.86344
6.89	6.52869	2.83175	2.86466
6.9	6.55266	2.83286	2.86587
6.91	6.57674	2.83396	2.86709
6.92	6.60092	2.83506	2.8683
6.93	6.62521	2.83616	2.86952
6.94	6.6496	2.83727	2.87073
6.95	6.67411	2.83837	2.87195
6.96	6.69872	2.83947	2.87316
6.97	6.72344	2.84057	2.87438
6.98	6.74827	2.84167	2.87559
6.99	6.77321	2.84277	2.8768
7	6.79825	2.84387	2.87802
7.01	6.82341	2.84497	2.87923
7.02	6.84868	2.84606	2.88044
7.03	6.87405	2.84716	2.88165
7.04	6.89954	2.84826	2.88287
7.05	6.92514	2.84936	2.88408
7.06	6.95085	2.85045	2.88529
7.07	6.97667	2.85155	2.8865
7.08	7.0026	2.85265	2.88771
7.09	7.02865	2.85374	2.88893
7.1	7.05481	2.85484	2.89014
7.11	7.08108	2.85593	2.89135
7.12	7.10746	2.85703	2.89256
7.13	7.13396	2.85812	2.89377
7.14	7.16057	2.85922	2.89498
7.15	7.1873	2.86031	2.89619
7.16	7.21414	2.8614	2.8974
7.17	7.2411	2.86249	2.89861
7.18	7.26817	2.86359	2.89981
7.19	7.29536	2.86468	2.90102
7.2	7.32267	2.86577	2.90223
7.21	7.35009	2.86686	2.90344
7.22	7.37763	2.86795	2.90465
7.23	7.40528	2.86904	2.90586
7.24	7.43305	2.87013	2.90706
7.25	7.46095	2.87122	2.90827
7.26	7.48895	2.87231	2.90948
7.27	7.51708	2.8734	2.91069
7.28	7.54533	2.87449	2.91189
7.29	7.5737	2.87558	2.9131
7.3	7.60218	2.87666	2.9143
7.31	7.63079	2.87775	2.91551
7.32	7.65951	2.87884	2.91672
7.33	7.68836	2.87992	2.91792
7.34	7.71733	2.88101	2.91913
7.35	7.74642	2.8821	2.92033
7.36	7.77563	2.88318	2.92154
7.37	7.80497	2.88427	2.92274
7.38	7.83442	2.88535	2.92394
7.39	7.864	2.88644	2.92515
7.4	7.89371	2.88752	2.92635
7.41	7.92353	2.8886	2.92756
7.42	7.95348	2.88969	2.92876
7.43	7.98356	2.89077	2.92996
7.44	8.01376	2.89185	2.93116
7.45	8.04408	2.89293	2.93237
7.46	8.07453	2.89401	2.93357
7.47	8.10511	2.89509	2.93477
7.48	8.13581	2.89618	2.93597
7.49	8.16664	2.89726	2.93717
7.5	8.1976	2.89834	2.93838
7.51	8.22868	2.89942	2.93958
7.52	8.25989	2.90049	2.94078
7.53	8.29123	2.90157	2.94198
7.54	8.32269	2.90265	2.94318
7.55	8.35429	2.90373	2.94438
7.56	8.38602	2.90481	2.94558
7.57	8.41787	2.90588	2.94678
7.58	8.44986	2.90696	2.94798
7.59	8.48197	2.90804	2.94918
7.6	8.51422	2.90911	2.95038
7.61	8.54659	2.91019	2.95157
7.62	8.5791	2.91127	2.95277
7.63	8.61174	2.91234	2.95397
7.64	8.64451	2.91342	2.95517
7.65	8.67741	2.91449	2.95637
7.66	8.71045	2.91556	2.95756
7.67	8.74362	2.91664	2.95876
7.68	8.77692	2.91771	2.95996
7.69	8.81036	2.91878	2.96115
7.7	8.84393	2.91985	2.96235
7.71	8.87764	2.92093	2.96355
7.72	8.91148	2.922	2.96474
7.73	8.94546	2.92307	2.96594
7.74	8.97957	2.92414	2.96713
7.75	9.01382	2.92521	2.96833
7.76	9.04821	2.92628	2.96953
7.77	9.08273	2.92735	2.97072
7.78	9.11739	2.92842	2.97191
7.79	9.15219	2.92949	2.97311
7.8	9.18713	2.93056	2.9743
7.81	9.2222	2.93163	2.9755
7.82	9.25742	2.93269	2.97669
7.83	9.29277	2.93376	2.97788
7.84	9.32826	2.93483	2.97908
7.85	9.3639	2.9359	2.98027
7.86	9.39967	2.93696	2.98146
7.87	9.43558	2.93803	2.98265
7.88	9.47164	2.93909	2.98385
7.89	9.50784	2.94016	2.98504
7.9	9.54417	2.94122	2.98623
7.91	9.58066	2.94229	2.98742
7.92	9.61728	2.94335	2.98861
7.93	9.65405	2.94442	2.9898
7.94	9.69096	2.94548	2.99099
7.95	9.72801	2.94654	2.99218
7.96	9.76521	2.94761	2.99337
7.97	9.80256	2.94867	2.99456
7.98	9.84005	2.94973	2.99575
7.99	9.87768	2.95079	2.99694
8	9.91546	2.95185	2.99813
8.01	9.95339	2.95291	2.99932
8.02	9.99146	2.95397	3.00051
8.03	10.0297	2.95503	3.0017
8.04	10.068	2.95609	3.00289
8.05	10.1066	2.95715	3.00408
8.06	10.1452	2.95821	3.00526
8.07	10.184	2.95927	3.00645
8.08	10.223	2.96033	3.00764
8.09	10.2621	2.96139	3.00882
8.1	10.3014	2.96244	3.01001
8.11	10.3408	2.9635	3.0112
8.12	10.3803	2.96456	3.01238
8.13	10.4201	2.96561	3.01357
8.14	10.4599	2.96667	3.01476
8.15	10.4999	2.96773	3.01594
8.16	10.5401	2.96878	3.01713
8.17	10.5804	2.96984	3.01831
8.18	10.6209	2.97089	3.0195
8.19	10.6615	2.97194	3.02068
8.2	10.7023	2.973	3.02187
8.21	10.7433	2.97405	3.02305
8.22	10.7843	2.9751	3.02423
8.23	10.8256	2.97616	3.02542
8.24	10.867	2.97721	3.0266
8.25	10.9085	2.97826	3.02778
8.26	10.9503	2.97931	3.02897
8.27	10.9921	2.98036	3.03015
8.28	11.0342	2.98142	3.03133
8.29	11.0763	2.98247	3.03251
8.3	11.1187	2.98352	3.0337
8.31	11.1612	2.98457	3.03488
8.32	11.2038	2.98562	3.03606
8.33	11.2467	2.98666	3.03724
8.34	11.2896	2.98771	3.03842
8.35	11.3328	2.98876	3.0396
8.36	11.3761	2.98981	3.04078
8.37	11.4195	2.99086	3.04196
8.38	11.4632	2.9919	3.04314
8.39	11.5069	2.99295	3.04432
8.4	11.5509	2.994	3.0455
8.41	11.595	2.99504	3.04668
8.42	11.6393	2.99609	3.04786
8.43	11.6837	2.99714	3.04904
8.44	11.7283	2.99818	3.05022
8.45	11.773	2.99923	3.0514
8.46	11.818	3.00027	3.05257
8.47	11.8631	3.00131	3.05375
8.48	11.9083	3.00236	3.05493
8.49	11.9537	3.0034	3.05611
8.5	11.9993	3.00444	3.05728
8.51	12.0451	3.00549	3.05846
8.52	12.091	3.00653	3.05964
8.53	12.1371	3.00757	3.06081
8.54	12.1833	3.00861	3.06199
8.55	12.2298	3.00965	3.06317
8.56	12.2764	3.01069	3.06434
8.57	12.3231	3.01173	3.06552
8.58	12.3701	3.01277	3.06669
8.59	12.4172	3.01381	3.06787
8.6	12.4644	3.01485	3.06904
8.61	12.5119	3.01589	3.07022
8.62	12.5595	3.01693	3.07139
8.63	12.6073	3.01797	3.07256
8.64	12.6552	3.01901	3.07374
8.65	12.7034	3.02005	3.07491
8.66	12.7517	3.02108	3.07608
8.67	12.8001	3.02212	3.07726
8.68	12.8488	3.02316	3.07843
8.69	12.8976	3.02419	3.0796
8.7	12.9466	3.02523	3.08077
8.71	12.9958	3.02626	3.08195
8.72	13.0451	3.0273	3.08312
8.73	13.0947	3.02833	3.08429
8.74	13.1444	3.02937	3.08546
8.75	13.1943	3.0304	3.08663
8.76	13.2443	3.03144	3.0878
8.77	13.2945	3.03247	3.08897
8.78	13.345	3.0335	3.09014
8.79	13.3956	3.03454	3.09131
8.8	13.4463	3.03557	3.09248
8.81	13.4973	3.0366	3.09365
8.82	13.5484	3.03763	3.09482
8.83	13.5997	3.03866	3.09599
8.84	13.6512	3.03969	3.09716
8.85	13.7029	3.04072	3.09833
8.86	13.7547	3.04175	3.0995
8.87	13.8068	3.04278	3.10067
8.88	13.859	3.04381	3.10183
8.89	13.9114	3.04484	3.103
8.9	13.964	3.04587	3.10417
8.91	14.0167	3.0469	3.10534
8.92	14.0697	3.04793	3.1065
8.93	14.1228	3.04896	3.10767
8.94	14.1762	3.04998	3.10884
8.95	14.2297	3.05101	3.11
8.96	14.2834	3.05204	3.11117
8.97	14.3372	3.05306	3.11233
8.98	14.3913	3.05409	3.1135
8.99	14.4456	3.05512	3.11466
9	14.5	3.05614	3.11583
9.01	14.5546	3.05717	3.11699
9.02	14.6095	3.05819	3.11816
9.03	14.6645	3.05921	3.11932
9.04	14.7197	3.06024	3.12049
9.05	14.775	3.06126	3.12165
9.06	14.8306	3.06229	3.12281
9.07	14.8864	3.06331	3.12398
9.08	14.9424	3.06433	3.12514
9.09	14.9985	3.06535	3.1263
9.1	15.0549	3.06638	3.12747
9.11	15.1114	3.0674	3.12863
9.12	15.1681	3.06842	3.12979
9.13	15.2251	3.06944	3.13095
9.14	15.2822	3.07046	3.13211
9.15	15.3395	3.07148	3.13327
9.16	15.397	3.0725	3.13444
9.17	15.4547	3.07352	3.1356
9.18	15.5126	3.07454	3.13676
9.19	15.5707	3.07556	3.13792
9.2	15.629	3.07658	3.13908
9.21	15.6875	3.07759	3.14024
9.22	15.7462	3.07861	3.1414
9.23	15.8051	3.07963	3.14256
9.24	15.8641	3.08065	3.14372
9.25	15.9234	3.08166	3.14487
9.26	15.9829	3.08268	3.14603
9.27	16.0426	3.0837	3.14719
9.28	16.1025	3.08471	3.14835
9.29	16.1626	3.08573	3.14951
9.3	16.2229	3.08674	3.15067
9.31	16.2834	3.08776	3.15182
9.32	16.344	3.08877	3.15298
9.33	16.4049	3.08979	3.15414
9.34	16.466	3.0908	3.15529
9.35	16.5273	3.09181	3.15645
9.36	16.5888	3.09283	3.15761
9.37	16.6506	3.09384	3.15876
9.38	16.7125	3.09485	3.15992
9.39	16.7746	3.09586	3.16107
9.4	16.8369	3.09687	3.16223
9.41	16.8995	3.09789	3.16338
9.42	16.9622	3.0989	3.16454
9.43	17.0251	3.09991	3.16569
9.44	17.0883	3.10092	3.16685
9.45	17.1517	3.10193	3.168
9.46	17.2152	3.10294	3.16916
9.47	17.279	3.10395	3.17031
9.48	17.343	3.10496	3.17146
9.49	17.4072	3.10596	3.17262
9.5	17.4716	3.10697	3.17377
9.51	17.5363	3.10798	3.17492
9.52	17.6011	3.10899	3.17607
9.53	17.6661	3.11	3.17723
9.54	17.7314	3.111	3.17838
9.55	17.7969	3.11201	3.17953
9.56	17.8626	3.11302	3.18068
9.57	17.9285	3.11402	3.18183
9.58	17.9946	3.11503	3.18298
9.59	18.0609	3.11603	3.18413
9.6	18.1275	3.11704	3.18528
9.61	18.1942	3.11804	3.18643
9.62	18.2612	3.11905	3.18758
9.63	18.3284	3.12005	3.18873
9.64	18.3958	3.12105	3.18988
9.65	18.4635	3.12206	3.19103
9.66	18.5313	3.12306	3.19218
9.67	18.5994	3.12406	3.19333
9.68	18.6677	3.12507	3.19448
9.69	18.7362	3.12607	3.19563
9.7	18.8049	3.12707	3.19678
9.71	18.8739	3.12807	3.19792
9.72	18.943	3.12907	3.19907
9.73	19.0124	3.13007	3.20022
9.74	19.0821	3.13107	3.20137
9.75	19.1519	3.13207	3.20251
9.76	19.222	3.13307	3.20366
9.77	19.2922	3.13407	3.20481
9.78	19.3627	3.13507	3.20595
9.79	19.4335	3.13607	3.2071
9.8	19.5044	3.13707	3.20824
9.81	19.5756	3.13807	3.20939
9.82	19.647	3.13906	3.21053
9.83	19.7187	3.14006	3.21168
9.84	19.7905	3.14106	3.21282
9.85	19.8626	3.14206	3.21397
9.86	19.935	3.14305	3.21511
9.87	20.0075	3.14405	3.21626
9.88	20.0803	3.14504	3.2174
9.89	20.1533	3.14604	3.21854
9.9	20.2265	3.14704	3.21969
9.91	20.3	3.14803	3.22083
9.92	20.3737	3.14902	3.22197
9.93	20.4476	3.15002	3.22311
9.94	20.5218	3.15101	3.22426
9.95	20.5962	3.15201	3.2254
9.96	20.6708	3.153	3.22654
9.97	20.7457	3.15399	3.22768
9.98	20.8208	3.15498	3.22882
9.99	20.8961	3.15598	3.22996
10	20.9717	3.15697	3.23111
